ticker,z_score,expected_return,position,price,shares,position_value,weight
JNPR,-3.828540797344574,-0.0022610839504695686,long,36.6,273.0,9991.800000000001,0.0049959
EFX,-3.417999000271841,-0.005793204686477306,long,248.27,41.0,10179.07,0.005089535
IPG,-3.2251136804112317,-0.005267547363329759,long,27.24,366.0,9969.84,0.00498492
AMAT,-3.196965316374259,-0.005765704094964428,long,169.54,59.0,10002.859999999999,0.005001429999999999
HRL,-3.0749862288109644,-0.0028154697374562086,long,29.29,340.0,9958.6,0.0049793
KLAC,-2.9611021924551664,-0.007505212820556666,long,616.01,17.0,10472.17,0.005236085
AMGN,-2.872167203064233,-0.004328413531524479,long,283.55,36.0,10207.800000000001,0.005103900000000001
OMC,-2.696318716521884,-0.0021319573893878257,long,97.35,155.0,15089.25,0.007544625
RVTY,-2.6556049953163874,-0.00525741843179669,long,109.53,92.0,10076.76,0.00503838
AMTM,-2.5877404997691773,-0.007140960954460829,long,25.2,395.0,9954.0,0.004977
SJM,-2.5771551596816833,-0.00431243470236916,long,107.43,94.0,10098.42,0.00504921
DOC,-2.526866193364228,-0.00310991448863383,long,21.1,472.0,9959.2,0.004979600000000001
IQV,-2.4936557943249245,-0.006983258952104583,long,198.01,51.0,10098.51,0.005049255
SOLV,-2.4928046676837226,-0.0010090403841687618,long,67.48,1473.0,99398.04000000001,0.049699020000000003
MKC,-2.492307440463907,-0.0036813281422561094,long,73.97,136.0,10059.92,0.00502996
ADI,-2.4490508270067033,-0.0036506266147827413,long,206.93,49.0,10139.57,0.005069785
TDG,-2.428134464621985,-0.004307095327491546,long,1264.8,8.0,10118.4,0.0050592
CTVA,-2.422557794403703,-0.0020714438149118625,long,55.21,1801.0,99433.21,0.049716605000000004
PFE,-2.4218241220255154,-0.005289057224081299,long,24.9494,399.0,9954.8106,0.0049774053
LRCX,-2.3816301246383174,-0.004842358181819872,long,70.484,142.0,10008.728,0.005004364
MCHP,-2.375519248252961,-0.00835675962271444,long,63.26,159.0,10058.34,0.00502917
HSY,-2.3670377240326976,-0.00394490399948845,long,171.3,59.0,10106.7,0.005053350000000001
CAG,-2.3442966797763636,-0.006755237770612597,long,26.95,370.0,9971.5,0.00498575
TMO,-2.319173504822794,-0.006497531545809984,long,516.66,20.0,10333.199999999999,0.0051665999999999995
MRNA,-2.275332688429367,-0.020388438673581415,long,37.29,269.0,10031.01,0.005015505
CPB,-2.2728930694914555,-0.004350941735217262,long,43.27,232.0,10038.640000000001,0.005019320000000001
GEHC,-2.2688091567013857,-0.004770246509219249,long,81.99,122.0,10002.779999999999,0.00500139
MTD,-2.238299737413968,-0.008175980545502875,long,1182.99,9.0,10646.91,0.0053234549999999995
WBA,-2.168272321543676,-0.001094403596687267,long,8.5195,11657.0,99311.81150000001,0.04965590575000001
COO,-2.1434746119910453,-0.0035389767241913502,long,99.63,101.0,10062.63,0.005031315
AVY,-2.1341467184125165,-0.0038228750297454417,long,197.73,51.0,10084.23,0.005042115
BIIB,-2.128489052190746,-0.00663479080080906,long,160.08,63.0,10085.04,0.005042520000000001
ON,-2.120621380033089,-0.0037759624836239043,long,65.1,154.0,10025.4,0.0050127
BAX,-2.1089155417736842,-0.005890304031315408,long,32.04,311.0,9964.44,0.00498222
PEP,-2.105102723578545,-0.002391096379857066,long,159.0,63.0,10017.0,0.0050085
BDX,-2.0773722418143006,-0.0023116979412562784,long,225.15,45.0,10131.75,0.005065875
LVS,-2.0709297840177188,-0.001563518590548195,long,47.9,2075.0,99392.5,0.04969625
ELV,-2.0642414050407907,-0.008810208069577705,long,402.9,25.0,10072.5,0.00503625
MRK,-2.0401463938892874,-0.005722220457365357,long,96.49,104.0,10034.96,0.0050174799999999995
META,-2.0258427084494226,-0.0009851562647734066,long,554.525,181.0,100369.025,0.0501845125
CSGP,-2.006368402435581,-0.0018197361470856154,long,71.63,1388.0,99422.43999999999,0.04971121999999999
VLO,1.4653819206162186,0.0016097971711458749,short,138.5,-73.0,-10110.5,-0.00505525
ROK,1.465675807757656,0.0025216545651821107,short,286.26,-35.0,-10019.1,-0.00500955
CINF,1.4695481383416893,0.0040368812301367785,short,152.3,-66.0,-10051.800000000001,-0.005025900000000001
MS,1.4822770941732044,0.009276986123881005,short,134.1999,-75.0,-10064.9925,-0.00503249625
PNR,1.48450246913991,0.0028776067228879695,short,105.92,-95.0,-10062.4,-0.0050311999999999996
EOG,1.4845110943210447,0.003374833003626477,short,136.0,-74.0,-10064.0,-0.005032
LUV,1.4877782909200252,0.0036082703470681874,short,32.6001,-305.0,-9943.030499999999,-0.004971515249999999
NFLX,1.505574159726412,0.0055928021268485395,short,825.4999,-13.0,-10731.4987,-0.00536574935
SPG,1.5059630687337884,0.0023523734202105817,short,180.8,-56.0,-10124.800000000001,-0.005062400000000001
KMX,1.5142561228040925,0.0004490974679415831,short,78.03,-1274.0,-99410.22,-0.049705110000000004
TJX,1.5169528487486146,0.0007762036119707832,short,120.01,-829.0,-99488.29000000001,-0.049744145000000003
KMI,1.5174883383278224,0.007603415503761646,short,27.285,-365.0,-9959.025,-0.0049795125
LYV,1.5892497095226799,0.005973869339468307,short,129.01,-78.0,-10062.779999999999,-0.005031389999999999
CTRA,1.5904266668744642,0.0024983555770629008,short,25.55,-390.0,-9964.5,-0.00498225
TAP,1.6124449232608198,0.0030222514031868586,short,62.07,-162.0,-10055.34,-0.00502767
JPM,1.6134484709646326,0.005680475013749231,short,245.41,-41.0,-10061.81,-0.005030905
OKE,1.622314361527629,0.0067347660003196546,short,110.15,-91.0,-10023.65,-0.005011825
XEL,1.6345894874005449,0.0022900655624526417,short,69.52,-144.0,-10010.88,-0.00500544
EVRG,1.6829897102264093,0.001036764577331796,short,64.0,-1553.0,-99392.0,-0.049696
BAC,1.6990708622178834,0.006010703316549082,short,46.76,-214.0,-10006.64,-0.0050033199999999995
WFC,1.7102577735807916,0.010144545021223531,short,74.38,-135.0,-10041.3,-0.00502065
CLX,1.7610861931730044,0.0010635818191812303,short,168.08,-592.0,-99503.36,-0.04975168
CHD,1.7662526610466056,0.001524387080001377,short,109.02,-92.0,-10029.84,-0.00501492
PPL,1.7770483360746994,0.0007411349750315041,short,33.8,-2940.0,-99371.99999999999,-0.049685999999999994
KVUE,1.8176218102720922,0.0011891095905395093,short,23.98,-622.0,-14915.56,-0.00745778
FDX,1.819036893419774,0.0026533358603779544,short,294.3601,-34.0,-10008.2434,-0.0050041217
HES,1.8198827208823847,0.0025519293316480086,short,145.64,-69.0,-10049.16,-0.00502458
CVX,1.8263097385853573,0.0033190623016925614,short,161.6,-62.0,-10019.199999999999,-0.0050095999999999995
ZBH,1.8388962673397502,0.0016145294550342637,short,112.52,-89.0,-10014.279999999999,-0.005007139999999999
SYK,1.8485510414424935,0.002804963349688476,short,389.69,-26.0,-10131.94,-0.00506597
CF,1.8503934535188586,0.0006503648852953422,short,87.07,-1142.0,-99433.93999999999,-0.04971696999999999
T,1.8632023620064888,0.0011878210233529135,short,22.65,-440.0,-9966.0,-0.004983
DXCM,1.8741044873658315,0.004626081074442889,short,76.55,-131.0,-10028.05,-0.005014024999999999
PLTR,1.8861670035905498,0.021641620087372138,short,66.48,-151.0,-10038.480000000001,-0.00501924
AIZ,1.8982715226527909,0.003562396824903581,short,218.82,-46.0,-10065.72,-0.005032859999999999
NI,2.002643574630288,0.0019774120588831844,short,36.17,-276.0,-9982.92,-0.00499146
TPR,2.008735505310597,0.0076589393021792105,short,57.2,-175.0,-10010.0,-0.005005
SCHW,2.029660264197261,0.007969613915635262,short,80.21,-125.0,-10026.25,-0.005013125
CNP,2.0490016232927615,0.0018045475543774197,short,30.97,-321.0,-9941.369999999999,-0.004970685
TSN,2.279115166245902,0.00283786563457361,short,64.32,-156.0,-10033.919999999998,-0.005016959999999999
DIS,3.1768767665039737,0.006528512036320175,short,114.74,-88.0,-10097.119999999999,-0.00504856
